1,Gonzaga,0.843,0.852,0.819,0.804,0.882,0.944
2,Wichita St,0.871,0.806,0.781,0.826,0.914,0.863
3,CS Bakersfld,0.884,0.864,1.048,0.888,0.881,0.910
4,Virginia,0.888,0.966,1.168,0.809,0.966,0.957
5,S Carolina,0.891,0.946,1.033,0.847,0.946,0.947
6,W Virginia,0.892,0.923,1.125,0.865,0.924,0.921
7,Central FL,0.893,0.921,1.151,0.820,0.967,1.011
8,Cincinnati,0.899,1.064,1.176,0.895,0.903,0.919
9,Illinois St,0.900,0.970,1.087,0.878,0.918,0.954
10,St Marys,0.911,0.940,1.082,0.922,0.898,0.960
11,California,0.913,1.039,1.059,0.857,0.983,0.950
12,NC Central,0.914,0.792,0.845,0.887,0.927,1.016
13,San Diego St,0.914,0.919,1.068,0.876,0.941,0.886
14,Florida,0.915,0.985,0.999,0.921,0.912,0.954
15,S Methodist,0.918,1.001,0.928,0.874,0.968,0.940
16,Wisconsin,0.919,0.968,1.163,0.838,0.998,0.967
17,Alabama,0.919,0.930,1.105,0.890,0.947,0.996
18,Oregon,0.923,0.993,1.176,0.873,0.972,0.971
19,Old Dominion,0.926,1.039,0.925,0.880,0.968,0.949
20,VCU,0.928,0.991,1.116,0.885,0.965,0.943
21,Minnesota,0.928,1.050,1.199,0.916,0.949,1.040
22,Louisville,0.930,1.107,1.101,0.910,0.952,0.903
23,Purdue,0.930,1.025,1.006,0.853,1.018,0.927
24,Kentucky,0.932,0.910,0.888,0.917,0.946,0.965
25,Villanova,0.935,0.894,0.837,0.899,0.963,0.925
26,Rhode Island,0.935,0.931,1.004,0.923,0.947,0.957
27,Grd Canyon,0.936,0.879,0.729,0.898,0.980,0.950
28,Dayton,0.936,1.095,1.082,0.887,0.983,0.930
29,LA Tech,0.936,1.023,1.272,0.880,0.990,0.985
30,Middle Tenn,0.937,0.929,0.963,0.909,0.957,0.977
31,Princeton,0.937,0.878,1.011,0.906,0.954,0.975
32,E Tenn St,0.939,1.002,1.129,0.962,0.922,1.042
33,Bucknell,0.940,0.875,0.906,0.897,0.979,0.998
34,UC Irvine,0.942,0.868,0.741,0.919,0.953,0.950
35,St Peters,0.943,1.012,1.139,0.938,0.947,0.971
36,Vermont,0.944,0.728,0.883,0.901,0.982,1.012
37,Rob Morris,0.945,0.973,1.039,0.942,0.947,0.996
38,Baylor,0.948,0.999,1.148,0.891,1.010,1.010
39,GA Tech,0.948,0.996,0.916,0.866,1.064,1.028
40,Arizona,0.949,1.061,1.134,0.927,0.970,0.944
41,Miami (FL),0.951,1.086,1.208,0.898,1.007,0.994
42,Northwestern,0.951,1.063,1.222,0.908,1.002,0.980
43,San Fransco,0.951,0.935,1.107,0.915,0.987,1.069
44,BYU,0.952,1.092,1.297,0.893,1.018,0.961
45,E Carolina,0.952,1.054,1.146,0.865,1.046,1.030
46,UC Davis,0.954,0.789,0.697,0.906,0.972,0.967
47,Monmouth,0.954,0.961,1.179,0.931,0.972,0.948
48,Houston,0.955,0.961,1.128,0.903,1.011,0.998
49,Valparaiso,0.955,1.033,0.786,0.906,1.009,0.897
50,Winthrop,0.955,0.926,0.857,0.940,0.968,1.018
51,N Carolina,0.958,1.068,1.223,0.884,1.028,0.976
52,Ohio,0.958,0.902,0.957,0.918,0.997,1.033
53,N Mex State,0.959,0.849,0.898,0.978,0.940,0.923
54,Col Charlestn,0.960,1.021,1.155,0.908,1.000,0.923
55,Providence,0.960,0.906,0.897,0.917,1.016,0.968
56,TN State,0.961,0.983,0.921,0.955,0.965,0.975
57,U Mass,0.963,0.958,1.062,0.911,1.026,1.018
58,Oakland,0.964,1.014,1.061,0.909,1.037,1.029
59,TX-Arlington,0.965,1.005,1.283,0.923,0.988,0.929
60,Florida St,0.965,0.972,1.064,0.912,1.034,1.009
61,Utah Val St,0.966,0.782,0.790,0.947,0.976,1.048
62,NC-Asheville,0.966,0.976,1.186,0.925,0.995,0.951
63,Kansas St,0.967,0.875,0.838,0.938,0.995,0.974
64,Navy,0.969,0.918,0.999,0.955,0.981,0.991
65,Connecticut,0.970,1.009,1.278,0.908,1.017,0.918
66,Rutgers,0.971,1.045,1.346,0.939,0.999,1.093
67,SE Louisiana,0.971,1.027,1.061,0.921,1.006,1.055
68,Colorado St,0.972,0.963,1.069,0.972,0.971,1.066
69,Utah,0.972,0.923,1.200,0.934,1.013,0.996
70,Alcorn State,0.973,0.812,0.817,0.908,1.007,1.037
71,Sam Hous St,0.973,0.998,1.128,0.934,1.000,1.020
72,Ste F Austin,0.974,0.956,1.137,0.901,1.019,0.917
73,Penn State,0.974,1.084,1.134,0.930,1.016,1.016
74,Morgan St,0.974,0.978,1.068,0.905,1.032,1.008
75,Gard-Webb,0.975,0.923,0.956,0.961,0.983,1.029
76,Fresno St,0.975,0.923,1.119,0.919,1.018,0.983
77,Harvard,0.975,1.075,1.006,0.940,1.005,0.977
78,Georgia,0.976,1.006,0.959,0.972,0.979,0.987
79,Mt St Marys,0.976,0.913,0.838,0.918,1.021,0.966
80,Texas State,0.976,0.893,0.938,0.949,0.993,0.981
81,Nevada,0.977,0.975,0.960,0.956,0.993,0.968
82,U Penn,0.978,1.034,0.988,0.988,0.970,1.027
83,New Orleans,0.978,0.931,0.964,0.915,1.019,1.052
84,Lehigh,0.978,1.018,1.129,0.955,0.994,1.047
85,Hawaii,0.979,1.080,1.036,0.962,1.005,0.913
86,Arkansas St,0.979,1.051,1.003,0.939,1.004,1.021
87,N Iowa,0.980,1.085,1.039,0.937,1.009,0.975
88,CS Fullerton,0.980,0.936,0.914,0.958,0.997,1.057
89,Maryland,0.980,1.020,1.103,0.959,1.006,0.965
90,Fordham,0.980,1.051,1.121,0.940,1.023,0.980
91,Creighton,0.981,0.944,1.033,0.965,0.995,0.987
92,Michigan St,0.981,0.920,1.005,0.950,1.011,0.929
93,Memphis,0.981,1.206,1.280,0.894,1.095,0.926
94,Wagner,0.982,1.122,1.141,1.007,0.958,0.937
95,TX-San Ant,0.982,1.004,1.325,0.892,1.036,1.134
96,Iowa State,0.982,1.037,1.041,0.908,1.044,1.020
97,Boston U,0.982,0.954,0.962,0.974,0.991,1.018
98,Duke,0.983,1.064,1.050,0.930,1.027,1.028
99,Kansas,0.983,1.030,1.088,0.961,1.002,0.943
100,Furman,0.983,1.139,0.994,0.921,1.024,1.008
101,Loyola-Chi,0.983,0.944,0.768,0.951,1.008,0.966
102,Texas,0.984,0.966,0.951,0.943,1.030,0.995
103,Holy Cross,0.985,1.013,0.866,0.928,1.031,1.040
104,Seton Hall,0.985,0.996,0.906,0.955,1.009,0.932
105,Miss State,0.986,0.953,1.109,0.959,1.016,1.009
106,N Illinois,0.986,1.070,1.033,1.006,0.966,0.976
107,Hampton,0.986,0.931,0.931,0.932,1.021,0.993
108,Texas A&M,0.987,0.959,1.113,0.924,1.054,0.931
109,Towson,0.987,0.983,1.046,0.966,1.005,1.006
110,Liberty,0.988,0.866,0.938,0.924,1.046,1.069
111,North Dakota,0.988,0.961,1.090,0.972,0.996,0.978
112,Texas Tech,0.988,0.950,0.989,0.967,1.019,1.011
113,UCLA,0.988,1.007,1.106,0.952,1.028,1.038
114,LIU-Brooklyn,0.989,0.993,0.967,0.976,0.996,1.025
115,Tennessee,0.989,0.995,0.870,0.976,1.004,1.030
116,Norfolk St,0.989,0.955,0.959,0.952,1.007,1.046
117,St Bonavent,0.990,0.906,1.023,1.016,0.966,1.021
118,Wyoming,0.990,1.048,1.087,0.972,1.008,1.056
119,Ohio State,0.990,1.080,0.990,0.940,1.063,0.968
120,TX El Paso,0.992,1.010,1.117,0.954,1.026,1.012
121,Georgia St,0.992,0.972,0.986,0.983,0.998,0.973
122,Vanderbilt,0.993,0.860,0.989,0.995,0.990,0.947
123,Kent State,0.993,0.964,1.051,0.993,0.992,1.042
124,Chattanooga,0.993,1.107,1.161,0.974,1.007,0.979
125,Notre Dame,0.994,1.036,1.142,0.933,1.063,1.060
126,Albany,0.994,0.915,0.933,0.976,1.007,0.954
127,Fairfield,0.994,0.943,1.050,0.970,1.012,1.023
128,Butler,0.994,1.071,0.969,0.992,0.997,0.985
129,Army,0.994,0.987,1.005,0.965,1.025,1.003
130,Seattle,0.995,1.047,0.900,0.931,1.058,0.994
131,WI-Grn Bay,0.995,1.027,0.964,0.992,0.998,1.016
132,Indiana St,0.995,0.967,1.075,1.010,0.985,0.961
133,Loyola-MD,0.997,0.950,0.919,0.942,1.041,1.067
134,Belmont,0.997,1.027,1.088,0.975,1.015,1.069
135,Georgetown,0.998,1.056,0.999,0.933,1.071,1.007
136,Buffalo,0.998,0.986,0.967,0.934,1.034,1.018
137,Oklahoma,0.998,1.070,1.193,0.960,1.035,0.970
138,Santa Clara,0.999,1.107,1.169,0.962,1.036,1.061
139,Rider,0.999,1.032,1.116,1.033,0.979,0.984
140,Missouri,0.999,1.154,1.251,0.919,1.088,1.030
141,Richmond,0.999,1.089,1.108,1.012,0.987,1.046
142,Geo Mason,0.999,1.011,1.049,0.990,1.008,1.036
143,Jackson St,1.000,0.957,0.958,0.936,1.038,0.932
144,Michigan,1.001,0.992,0.917,0.956,1.048,1.017
145,Mississippi,1.002,1.003,1.003,0.982,1.025,0.995
146,TX Southern,1.002,0.835,0.771,0.838,1.071,1.012
147,E Illinois,1.003,1.079,1.067,1.003,1.002,1.064
148,Illinois,1.003,1.083,1.214,0.969,1.040,1.044
149,Boise State,1.003,1.089,1.286,0.988,1.014,0.996
150,Evansville,1.003,0.972,1.118,0.945,1.055,0.925
151,Davidson,1.003,1.090,1.297,0.949,1.041,1.077
152,N Kentucky,1.004,0.969,0.841,1.027,0.990,1.071
153,UC Riverside,1.004,1.066,1.096,0.909,1.073,1.012
154,Ball State,1.005,1.005,1.040,0.994,1.013,0.978
155,Rice,1.005,1.093,1.133,0.985,1.024,1.125
156,South Dakota,1.006,0.974,1.039,0.946,1.043,1.087
157,Yale,1.006,1.059,1.217,0.982,1.025,0.933
158,Tulsa,1.007,1.055,1.194,0.984,1.027,0.981
159,Cleveland St,1.007,1.073,1.220,0.930,1.044,1.023
160,Indiana,1.007,1.095,1.134,0.930,1.099,0.989
161,Fla Gulf Cst,1.007,0.892,0.911,0.922,1.103,0.995
162,TX A&M-CC,1.007,0.978,1.009,0.969,1.033,0.992
163,UAB,1.007,1.058,1.045,0.935,1.072,0.991
164,USC,1.008,0.975,0.993,0.951,1.068,0.990
165,TX Christian,1.008,1.075,1.270,0.948,1.079,1.000
166,Elon,1.009,1.060,1.047,1.016,1.004,1.037
167,Temple,1.009,0.947,1.133,0.959,1.059,0.984
168,New Mexico,1.009,0.952,0.935,0.954,1.061,0.996
169,Arkansas,1.009,0.969,1.120,0.987,1.035,1.002
170,Syracuse,1.010,1.060,1.089,0.924,1.137,0.968
171,Stony Brook,1.010,0.976,0.960,0.983,1.039,0.949
172,Colorado,1.012,0.996,1.290,0.961,1.061,0.969
173,NC-Grnsboro,1.012,1.060,1.206,0.960,1.054,1.056
174,S Illinois,1.012,0.942,1.065,1.040,0.984,0.967
175,Stanford,1.012,1.234,1.277,0.988,1.034,1.031
176,Lamar,1.014,1.053,1.150,0.932,1.063,1.057
177,Loyola Mymt,1.014,0.960,1.177,0.975,1.062,1.063
178,Sacred Hrt,1.014,1.006,1.027,1.007,1.019,1.050
179,Utah State,1.014,1.004,1.199,0.953,1.069,1.044
180,Xavier,1.015,0.976,1.127,0.989,1.038,0.949
181,St Josephs,1.016,0.946,1.045,1.009,1.021,0.971
182,St Fran (PA),1.016,1.023,0.976,0.988,1.036,1.057
183,Wright State,1.016,0.996,1.102,0.997,1.032,0.965
184,AR Lit Rock,1.016,0.990,1.094,0.998,1.029,0.924
185,Troy,1.016,0.910,0.842,0.985,1.036,1.047
186,Bradley,1.016,0.965,1.029,0.969,1.052,1.022
187,Geo Wshgtn,1.017,1.005,1.162,0.956,1.075,0.984
188,S Alabama,1.017,1.037,1.077,0.989,1.044,1.012
189,Idaho,1.017,1.034,0.963,0.957,1.060,0.973
190,IL-Chicago,1.017,1.066,1.160,0.970,1.056,1.039
191,Duquesne,1.017,0.963,1.099,0.976,1.072,1.047
192,Missouri St,1.020,1.141,1.186,0.974,1.066,1.028
193,Iowa,1.020,1.061,1.220,0.979,1.076,0.973
194,Jksnville St,1.021,0.912,0.908,1.002,1.027,1.069
195,N Dakota St,1.022,1.156,1.172,1.023,1.021,0.977
196,LA Monroe,1.023,1.020,0.971,1.001,1.037,1.004
197,N Colorado,1.024,1.029,1.036,1.022,1.025,1.122
198,Coastal Car,1.024,0.965,0.951,0.990,1.054,0.971
199,Saint Louis,1.024,1.043,0.844,1.014,1.037,1.011
200,Auburn,1.024,1.078,1.083,1.019,1.029,1.050
201,High Point,1.025,1.041,1.241,0.956,1.084,1.037
202,Iona,1.025,1.023,1.176,1.029,1.022,1.000
203,N Hampshire,1.026,1.024,1.262,1.025,1.027,1.011
204,San Jose St,1.026,1.132,1.214,0.986,1.068,1.029
205,American,1.026,0.978,1.122,1.021,1.032,1.030
206,Columbia,1.027,1.090,1.067,0.990,1.058,1.014
207,Southern,1.027,1.038,1.104,0.996,1.047,0.971
208,Akron,1.027,1.006,1.132,0.978,1.064,0.980
209,Alabama St,1.027,1.148,1.229,0.999,1.041,1.020
210,Miami (OH),1.028,0.995,0.958,0.974,1.090,1.030
211,Nebraska,1.028,1.153,1.006,1.010,1.046,0.998
212,Clemson,1.028,0.981,1.090,0.996,1.060,0.983
213,Howard,1.029,0.955,0.948,0.965,1.059,1.021
214,NC-Wilmgton,1.029,1.150,1.022,0.991,1.051,0.992
215,TN Tech,1.029,1.013,0.981,1.011,1.043,1.061
216,Abl Christian,1.029,1.200,1.256,0.965,1.072,1.070
217,Grambling St,1.029,0.939,0.787,0.934,1.075,1.015
218,Bowling Grn,1.031,1.083,1.088,1.003,1.062,1.039
219,Samford,1.032,0.939,1.043,1.051,1.019,1.027
220,James Mad,1.032,0.996,1.059,1.050,1.018,0.972
221,Siena,1.032,1.068,1.190,0.996,1.057,0.986
222,Colgate,1.033,1.176,1.093,1.024,1.038,1.056
223,UNLV,1.034,0.887,0.841,0.995,1.089,0.964
224,Ark Pine Bl,1.034,1.066,1.176,0.982,1.060,1.046
225,Lipscomb,1.034,1.012,1.149,1.008,1.054,1.079
226,Northeastrn,1.034,1.135,1.196,0.975,1.066,1.027
227,E Michigan,1.035,1.023,1.163,1.020,1.046,1.048
228,Marquette,1.035,1.130,1.155,0.961,1.127,0.999
229,Radford,1.038,0.965,1.042,1.017,1.052,1.041
230,VA Tech,1.038,1.171,1.029,0.969,1.121,1.001
231,Toledo,1.039,0.914,1.015,0.939,1.126,1.002
232,GA Southern,1.039,1.090,1.353,1.074,1.019,1.045
233,Montana,1.039,1.107,1.178,1.039,1.039,0.997
234,St Johns,1.039,1.208,1.564,0.975,1.085,1.023
235,Fla Atlantic,1.040,1.182,1.104,1.022,1.054,1.057
236,LA Lafayette,1.040,1.072,1.115,1.045,1.036,1.004
237,Prairie View,1.042,1.041,1.283,0.999,1.064,1.005
238,Manhattan,1.042,1.110,0.995,0.992,1.079,1.029
239,Campbell,1.042,1.022,1.104,1.104,1.000,1.104
240,Binghamton,1.044,1.029,1.081,1.032,1.052,0.996
241,St Fran (NY),1.044,0.966,0.986,1.042,1.045,0.966
242,North Texas,1.044,1.139,1.241,1.028,1.064,1.081
243,S Florida,1.044,0.947,0.949,0.990,1.113,1.036
244,Oklahoma St,1.044,1.212,1.228,1.023,1.065,0.999
245,Pacific,1.046,1.114,1.172,0.988,1.095,1.058
246,W Michigan,1.046,0.937,0.919,1.025,1.063,1.033
247,W Kentucky,1.047,0.934,0.879,1.019,1.068,1.070
248,S Mississippi,1.047,1.088,1.133,0.992,1.087,1.053
249,Niagara,1.048,0.961,1.066,1.028,1.061,1.030
250,Maryland BC,1.049,0.965,1.093,1.044,1.052,1.108
251,SE Missouri,1.049,1.067,1.222,1.013,1.072,1.068
252,IPFW,1.049,1.096,1.116,1.002,1.092,1.053
253,Weber State,1.051,1.077,1.139,1.025,1.065,0.973
254,San Diego,1.051,1.233,0.962,1.072,1.027,1.024
255,UMKC,1.052,1.016,1.109,0.995,1.096,1.053
256,UCSB,1.052,0.907,0.695,1.010,1.085,0.967
257,Murray St,1.052,1.020,1.100,1.049,1.054,1.023
258,Montana St,1.053,1.078,1.108,1.053,1.053,1.076
259,TN Martin,1.053,1.022,1.090,1.047,1.057,1.043
260,Denver,1.053,1.183,1.131,1.018,1.081,1.028
261,W Carolina,1.054,0.957,0.986,1.020,1.075,1.035
262,Portland St,1.054,1.061,1.176,0.971,1.100,1.048
263,Houston Bap,1.054,1.016,0.932,0.991,1.093,1.070
264,N Arizona,1.054,1.039,1.108,1.019,1.076,1.121
265,SIU Edward,1.055,1.055,0.807,1.034,1.069,1.048
266,DePaul,1.055,1.064,1.067,1.045,1.069,1.075
267,Florida A&M,1.055,1.031,1.078,1.011,1.089,0.994
268,Marshall,1.055,1.027,1.110,1.016,1.087,1.063
269,Canisius,1.056,1.038,0.962,1.009,1.089,1.082
270,Central Conn,1.056,1.014,1.265,1.002,1.093,1.094
271,E Kentucky,1.057,0.987,0.982,0.990,1.104,1.065
272,F Dickinson,1.057,1.036,1.111,0.977,1.099,1.061
273,App State,1.057,1.096,1.257,0.982,1.112,1.058
274,Portland,1.057,1.164,1.291,1.058,1.057,1.065
275,Charlotte,1.058,1.037,1.052,1.008,1.106,1.069
276,Boston Col,1.059,1.191,1.212,1.039,1.083,1.028
277,Mercer,1.059,1.051,1.066,1.026,1.084,1.018
278,Bryant,1.060,1.127,1.265,1.018,1.092,1.089
279,Maryland ES,1.060,0.998,1.073,1.004,1.084,1.060
280,E Washingtn,1.061,1.062,1.148,1.040,1.079,1.095
281,Oregon St,1.062,1.092,0.982,0.989,1.131,1.008
282,Cornell,1.063,1.134,1.038,1.051,1.069,1.063
283,Wake Forest,1.063,1.186,1.332,0.977,1.132,1.069
284,Tulane,1.063,1.038,0.949,1.082,1.049,0.992
285,Kennesaw St,1.063,1.116,1.126,1.060,1.065,1.080
286,Lg Beach St,1.064,0.958,0.973,0.954,1.112,1.019
287,NJIT,1.064,1.146,1.272,1.014,1.089,1.025
288,Air Force,1.065,1.143,1.263,1.052,1.077,1.029
289,Wofford,1.066,1.099,1.084,1.032,1.085,1.066
290,Cal Poly,1.066,0.940,0.932,1.051,1.074,1.083
291,La Salle,1.067,0.983,1.119,1.016,1.117,1.083
292,NW State,1.067,1.041,1.075,1.051,1.077,1.131
293,TX-Pan Am,1.068,1.109,0.908,1.062,1.071,1.125
294,Florida Intl,1.068,1.107,0.900,1.074,1.063,1.033
295,Morehead St,1.068,1.039,1.094,1.023,1.103,1.000
296,Savannah St,1.069,0.999,0.957,0.981,1.114,0.973
297,Dartmouth,1.069,1.238,1.339,1.071,1.068,1.016
298,McNeese St,1.071,1.103,1.215,1.047,1.087,1.085
299,Jacksonville,1.071,1.118,1.137,1.125,1.045,1.048
300,Delaware St,1.072,0.979,0.966,1.042,1.084,1.067
301,Drexel,1.072,1.098,1.058,1.008,1.112,1.046
302,Cal St Nrdge,1.073,1.078,1.054,1.053,1.087,1.031
303,Beth-Cook,1.073,1.045,1.349,1.004,1.117,1.046
304,NC State,1.073,1.096,1.053,1.017,1.147,1.056
305,Neb Omaha,1.073,0.964,1.111,1.101,1.057,1.051
306,Pittsburgh,1.073,1.070,1.230,1.101,1.043,0.997
307,W Illinois,1.073,1.092,0.954,1.063,1.081,1.053
308,Quinnipiac,1.074,1.173,1.115,1.070,1.077,0.975
309,Lafayette,1.075,1.120,1.000,1.081,1.070,1.100
310,Incar Word,1.076,1.052,1.150,1.067,1.083,1.040
311,N Florida,1.076,1.103,1.150,1.087,1.070,1.092
312,Drake,1.076,1.089,0.918,1.058,1.095,1.065
313,SC Upstate,1.077,1.183,1.083,1.053,1.091,1.120
314,IUPUI,1.078,1.044,1.084,1.041,1.097,1.026
315,Sac State,1.078,1.133,1.244,1.070,1.084,1.036
316,Maine,1.079,1.115,1.289,1.067,1.086,1.076
317,Brown,1.079,1.107,1.224,1.066,1.093,1.070
318,Delaware,1.081,1.209,1.304,0.999,1.131,1.095
319,Washington,1.082,1.157,1.139,1.081,1.083,0.995
320,Wash State,1.082,1.155,1.118,1.069,1.097,1.065
321,Mass Lowell,1.083,1.269,1.153,1.049,1.109,1.092
322,Wm & Mary,1.085,1.144,1.385,1.049,1.109,1.027
323,Coppin State,1.086,1.016,0.985,1.046,1.103,1.072
324,Charl South,1.089,1.085,1.171,1.072,1.101,1.082
325,Hartford,1.090,1.122,1.346,1.017,1.147,1.097
326,WI-Milwkee,1.091,0.926,0.937,1.092,1.091,1.031
327,S Dakota St,1.093,1.025,1.083,1.017,1.138,0.985
328,Hofstra,1.095,1.055,1.192,1.064,1.116,1.015
329,Nicholls St,1.095,1.084,1.024,1.010,1.138,1.059
330,Chicago St,1.096,1.056,1.005,1.102,1.094,1.091
331,Arizona St,1.099,1.132,1.196,1.050,1.147,1.027
332,Oral Roberts,1.103,1.141,1.126,1.070,1.125,1.082
333,LSU,1.111,1.120,1.077,1.078,1.145,1.032
334,Marist,1.111,1.105,1.120,1.096,1.121,1.102
335,Stetson,1.112,1.127,1.260,1.140,1.094,1.116
336,Youngs St,1.114,1.067,1.148,1.182,1.076,1.114
337,Longwood,1.117,1.062,1.113,1.129,1.108,1.121
338,Miss Val St,1.118,0.988,0.857,1.061,1.141,1.038
339,S Car State,1.119,1.089,1.222,1.005,1.164,1.048
340,VA Military,1.122,1.071,1.079,1.114,1.128,1.087
341,Idaho State,1.124,1.264,1.278,1.112,1.130,1.040
342,Central Ark,1.126,1.168,1.110,1.077,1.153,1.110
343,Central Mich,1.127,1.250,1.334,1.114,1.137,1.071
344,Presbyterian,1.132,1.208,1.192,1.092,1.158,1.047
345,S Utah,1.133,1.169,1.345,1.146,1.127,1.149
346,Pepperdine,1.134,1.195,1.264,1.083,1.173,1.024
347,NC A&T,1.138,1.119,1.179,1.149,1.132,1.055
348,Citadel,1.139,1.005,1.087,1.128,1.147,1.136
349,Alab A&M,1.144,1.200,1.169,1.066,1.181,1.029
350,Detroit,1.146,1.115,1.151,1.172,1.128,1.089
351,Austin Peay,1.149,1.085,1.027,1.130,1.161,1.072