1,UCLA,1.189,1.238,1.109,1.222,1.159,1.048
2,St Marys,1.154,0.970,0.947,1.193,1.115,1.155
3,Villanova,1.153,1.069,1.028,1.160,1.148,1.134
4,NC-Wilmgton,1.152,1.211,1.068,1.193,1.129,1.072
5,Oklahoma St,1.147,1.186,1.328,1.183,1.113,0.990
6,Michigan,1.145,1.167,1.031,1.176,1.117,1.104
7,S Methodist,1.142,1.144,1.103,1.200,1.079,1.146
8,Gonzaga,1.141,1.024,0.863,1.167,1.122,1.126
9,Duke,1.136,1.144,1.052,1.189,1.094,1.151
10,Marquette,1.134,1.077,0.982,1.165,1.098,1.027
11,Kansas,1.133,1.179,0.886,1.175,1.103,1.120
12,N Carolina,1.130,0.984,0.942,1.172,1.101,1.153
13,Wake Forest,1.130,1.209,1.203,1.144,1.119,1.002
14,Wichita St,1.130,1.003,0.948,1.195,1.071,1.055
15,Arizona,1.113,1.196,1.147,1.133,1.099,1.103
16,Kentucky,1.113,1.076,0.971,1.162,1.073,1.127
17,Notre Dame,1.113,1.003,0.983,1.156,1.068,1.128
18,Oregon,1.112,1.044,0.999,1.156,1.078,1.103
19,Florida St,1.109,0.993,0.947,1.186,1.021,1.064
20,Purdue,1.107,1.075,0.929,1.125,1.089,1.108
21,Butler,1.106,1.077,1.091,1.180,1.042,1.109
22,VA Tech,1.106,1.132,1.111,1.123,1.087,1.034
23,Iowa State,1.105,1.129,1.050,1.125,1.090,1.112
24,Cincinnati,1.103,1.080,1.051,1.196,1.002,1.064
25,Vermont,1.101,1.079,1.049,1.138,1.070,1.057
26,Nevada,1.100,1.082,1.057,1.131,1.080,0.982
27,Akron,1.098,1.001,0.875,1.117,1.086,1.076
28,Creighton,1.098,0.976,0.975,1.125,1.073,1.086
29,Indiana,1.098,1.039,0.897,1.160,1.028,1.169
30,Louisville,1.098,1.112,1.059,1.152,1.043,1.108
31,W Virginia,1.097,1.046,0.853,1.161,1.032,1.084
32,Middle Tenn,1.096,1.086,0.952,1.065,1.118,1.025
33,IPFW,1.095,1.013,0.844,1.142,1.053,1.075
34,Wm & Mary,1.093,1.134,1.240,1.233,0.996,1.088
35,Weber State,1.092,1.060,1.025,1.129,1.073,1.049
36,E Washingtn,1.091,1.146,1.159,1.149,1.044,1.117
37,USC,1.090,1.166,1.165,1.116,1.066,1.068
38,Syracuse,1.090,1.110,1.095,1.143,1.002,1.040
39,Houston,1.089,1.029,1.054,1.104,1.074,1.115
40,Fla Gulf Cst,1.088,1.064,0.947,1.069,1.109,1.036
41,Hofstra,1.088,1.119,1.118,1.095,1.083,1.074
42,Central Mich,1.088,1.066,1.219,1.122,1.062,1.080
43,N Mex State,1.087,1.049,0.992,1.170,1.010,1.027
44,Utah,1.086,1.031,0.912,1.111,1.058,1.093
45,Belmont,1.084,0.987,0.812,1.144,1.042,1.114
46,Wisconsin,1.081,1.139,1.081,1.131,1.040,1.027
47,Arkansas,1.081,0.928,0.863,1.149,1.012,1.049
48,Texas Tech,1.080,0.887,0.843,1.169,0.950,1.042
49,Iona,1.080,1.137,1.080,1.088,1.076,1.072
50,LA Lafayette,1.076,1.068,0.985,1.121,1.037,1.067
51,Maryland BC,1.076,1.042,0.792,1.089,1.062,0.991
52,Baylor,1.076,1.058,0.712,1.074,1.077,1.102
53,Florida,1.074,1.043,0.983,1.120,1.057,1.031
54,Clemson,1.074,0.997,0.946,1.143,1.000,1.061
55,Lipscomb,1.072,1.170,1.073,1.119,1.035,1.014
56,E Tenn St,1.072,1.049,0.912,1.161,1.012,1.053
57,Wofford,1.071,1.094,1.027,1.174,1.014,1.046
58,Marshall,1.071,1.055,0.963,1.114,1.036,1.077
59,Murray St,1.071,1.025,1.010,1.147,1.025,1.046
60,Denver,1.070,1.020,0.995,1.090,1.054,1.027
61,Oakland,1.069,1.077,1.173,1.038,1.105,1.133
62,Toledo,1.069,1.053,1.070,1.080,1.060,1.076
63,LA Tech,1.069,1.137,1.053,1.122,1.019,1.041
64,Canisius,1.067,1.047,1.096,1.044,1.084,1.056
65,Rice,1.067,1.018,1.028,1.054,1.080,1.041
66,S Dakota St,1.066,0.945,0.673,1.104,1.044,1.080
67,Princeton,1.066,1.043,0.944,1.135,1.030,1.099
68,Xavier,1.065,1.086,0.801,1.127,1.021,1.085
69,NC-Asheville,1.065,1.062,1.031,1.123,1.026,1.010
70,Troy,1.063,0.953,0.931,1.080,1.053,0.947
71,TX Christian,1.063,1.170,1.192,1.093,1.030,0.937
72,Albany,1.062,0.919,0.909,1.103,1.028,1.076
73,Bucknell,1.062,1.057,1.041,1.058,1.064,1.049
74,TX-Arlington,1.061,1.121,1.049,1.119,1.025,1.041
75,Rhode Island,1.061,1.116,1.094,1.067,1.056,1.025
76,Colorado,1.060,1.105,1.104,1.091,1.032,1.029
77,Dayton,1.059,0.999,0.883,1.090,1.031,1.023
78,Winthrop,1.059,0.980,0.889,1.045,1.070,1.075
79,Neb Omaha,1.059,1.094,1.083,1.129,1.020,1.073
80,Monmouth,1.058,1.079,1.046,1.081,1.040,1.042
81,Samford,1.058,0.996,0.909,1.113,1.019,1.007
82,Iowa,1.058,1.097,1.153,1.119,0.967,1.090
83,Montana,1.058,1.198,1.120,1.092,1.035,1.049
84,Arizona St,1.057,1.010,0.852,1.091,1.024,1.017
85,Furman,1.057,1.014,0.770,1.078,1.045,1.028
86,Mercer,1.056,1.112,0.964,1.070,1.045,1.040
87,NC-Grnsboro,1.055,1.080,1.033,1.031,1.074,1.017
88,Virginia,1.054,0.914,0.630,1.074,1.036,1.131
89,La Salle,1.053,0.926,0.996,1.095,1.012,0.927
90,St Bonavent,1.051,0.934,0.871,1.087,1.019,1.086
91,Montana St,1.049,1.070,1.068,1.094,1.005,1.054
92,TN Martin,1.049,1.009,0.863,1.128,0.990,1.031
93,Portland St,1.049,0.978,0.892,1.057,1.044,1.018
94,Maryland,1.048,0.988,0.953,1.036,1.063,1.087
95,North Dakota,1.047,1.067,1.087,1.103,1.019,0.995
96,Pittsburgh,1.047,0.883,1.033,1.102,0.987,1.095
97,NC State,1.046,0.934,0.856,1.102,0.972,1.067
98,Ohio,1.046,0.964,0.929,1.068,1.023,1.076
99,Jacksonville,1.046,1.032,1.010,1.056,1.040,1.004
100,Lehigh,1.045,0.984,0.906,1.090,1.014,1.059
101,Morehead St,1.044,0.990,1.007,1.091,1.007,1.039
102,Missouri St,1.044,1.001,0.958,1.064,1.024,0.942
103,Kansas St,1.044,1.066,1.029,1.051,1.038,1.009
104,Loyola-Chi,1.043,0.984,0.698,1.065,1.026,0.940
105,SC Upstate,1.043,1.019,0.763,1.019,1.059,0.988
106,W Michigan,1.043,0.978,0.878,1.152,0.953,1.003
107,VCU,1.043,1.048,1.021,1.112,0.985,1.075
108,BYU,1.043,1.018,1.035,1.047,1.037,1.092
109,IUPUI,1.042,0.974,0.747,1.088,1.019,0.943
110,Richmond,1.042,1.113,1.039,1.084,1.003,1.084
111,N Kentucky,1.042,1.000,0.912,1.117,0.999,0.984
112,NC Central,1.042,0.963,0.859,1.098,1.015,0.973
113,Harvard,1.041,1.032,0.979,1.059,1.025,0.967
114,N Dakota St,1.040,1.059,0.879,1.101,1.000,1.007
115,Yale,1.040,1.029,1.011,1.082,1.010,1.080
116,Boise State,1.040,0.937,0.823,1.069,1.020,1.053
117,N Hampshire,1.040,0.935,0.699,1.096,1.003,0.999
118,Chattanooga,1.039,0.957,0.985,1.081,1.009,1.075
119,Valparaiso,1.038,0.904,0.785,1.062,1.013,1.047
120,Kent State,1.037,1.067,1.122,1.093,0.992,1.041
121,Vanderbilt,1.036,0.926,0.984,1.113,0.971,1.066
122,Northwestern,1.036,0.925,0.972,1.065,1.007,1.069
123,Ball State,1.036,0.977,1.022,1.045,1.029,1.023
124,Northeastrn,1.036,0.978,0.788,1.077,1.014,1.031
125,Siena,1.036,1.135,1.176,1.050,1.026,1.052
126,Auburn,1.035,1.109,1.045,1.101,0.977,0.950
127,Wright State,1.035,1.102,1.035,1.091,0.986,0.993
128,South Dakota,1.034,0.996,1.042,1.062,1.018,1.024
129,Colorado St,1.034,0.991,0.876,1.067,0.997,1.077
130,Davidson,1.034,1.046,0.926,1.036,1.032,1.085
131,Mass Lowell,1.034,1.093,0.990,1.070,1.007,0.995
132,Michigan St,1.033,1.039,0.978,1.113,0.966,1.155
133,Jksnville St,1.033,1.060,1.004,0.976,1.052,0.976
134,Ohio State,1.033,1.024,0.855,1.069,0.979,1.001
135,Miami (FL),1.032,0.933,0.908,1.066,0.999,1.110
136,Austin Peay,1.032,1.144,1.144,1.078,1.001,1.030
137,TX Southern,1.032,0.813,0.837,1.124,0.995,1.045
138,Elon,1.031,1.133,0.973,1.082,0.996,1.019
139,Towson,1.031,1.060,0.921,1.073,0.998,1.028
140,E Michigan,1.030,0.934,0.913,1.070,1.002,1.029
141,Kennesaw St,1.030,1.017,0.943,1.095,0.993,0.983
142,GA Southern,1.028,0.897,0.703,1.084,0.993,1.010
143,TX A&M-CC,1.028,1.016,0.952,1.087,0.979,1.024
144,Mississippi,1.028,1.078,0.915,1.034,1.022,1.038
145,Col Charlestn,1.027,1.036,1.041,1.036,1.020,0.958
146,Memphis,1.027,0.976,0.823,1.046,1.003,1.009
147,Seton Hall,1.027,0.999,0.954,1.085,0.984,1.020
148,SE Missouri,1.027,0.936,0.842,1.118,0.968,0.895
149,Houston Bap,1.024,1.051,1.034,1.101,0.980,1.000
150,Detroit,1.024,0.998,0.813,1.099,0.972,1.068
151,Buffalo,1.024,1.046,0.924,1.045,1.012,1.024
152,Georgetown,1.023,0.910,0.986,1.043,1.001,1.032
153,Geo Wshgtn,1.023,1.053,0.940,1.048,0.999,1.087
154,Geo Mason,1.023,0.927,0.774,1.042,1.005,0.958
155,New Mexico,1.022,0.901,0.863,1.043,1.002,1.032
156,Lamar,1.022,0.957,0.894,1.078,0.990,0.978
157,Texas A&M,1.022,0.874,0.691,1.052,0.990,1.071
158,Arkansas St,1.021,0.982,0.962,1.083,0.983,0.954
159,Utah State,1.020,1.028,0.997,1.073,0.974,1.053
160,Citadel,1.020,1.032,0.958,1.072,0.981,1.001
161,Georgia St,1.020,0.929,0.829,1.077,0.984,0.964
162,Washington,1.019,0.912,1.066,1.071,0.963,1.033
163,Illinois St,1.019,0.998,0.959,1.032,1.007,0.966
164,Brown,1.019,1.046,1.038,1.050,0.987,0.998
165,Youngs St,1.018,1.094,1.011,1.130,0.955,0.984
166,Idaho,1.017,0.957,0.872,1.026,1.011,0.983
167,UAB,1.017,0.942,0.863,1.073,0.967,1.083
168,Cal St Nrdge,1.017,0.959,0.885,1.055,0.989,0.951
169,Providence,1.016,0.987,1.146,1.054,0.971,1.016
170,St Johns,1.014,0.977,0.970,1.061,0.981,0.892
171,St Fran (PA),1.013,0.977,1.051,1.037,0.998,1.006
172,Stony Brook,1.013,0.951,0.925,1.030,0.997,1.079
173,Minnesota,1.013,1.056,1.060,1.051,0.953,0.956
174,Wyoming,1.013,1.072,1.147,1.050,0.966,1.025
175,WI-Milwkee,1.012,0.937,0.841,1.013,1.011,1.100
176,St Peters,1.011,0.979,0.968,1.024,1.003,0.961
177,Campbell,1.011,1.138,0.982,1.065,0.966,1.040
178,Oral Roberts,1.011,1.036,1.099,1.082,0.964,1.036
179,Gard-Webb,1.010,1.069,0.920,1.005,1.013,0.988
180,Santa Clara,1.009,1.025,1.032,1.051,0.966,0.967
181,Air Force,1.008,0.962,0.857,1.082,0.931,0.943
182,Illinois,1.007,0.986,0.791,1.061,0.945,1.007
183,Drexel,1.006,0.960,0.926,0.986,1.019,0.937
184,Sac State,1.006,1.099,0.979,1.061,0.970,0.989
185,Temple,1.005,0.995,0.977,1.010,1.000,1.000
186,Charl South,1.004,1.081,0.993,1.056,0.968,0.965
187,W Kentucky,1.004,1.002,0.816,1.075,0.948,1.064
188,Tennessee,1.004,0.961,0.841,1.063,0.932,1.029
189,S Carolina,1.003,1.037,1.031,1.014,0.992,1.031
190,Miss State,1.002,1.042,0.814,1.019,0.983,1.039
191,Central Ark,1.002,1.048,0.995,1.085,0.958,0.999
192,Liberty,1.002,1.062,1.021,0.986,1.018,0.966
193,Bryant,1.002,1.076,0.986,1.048,0.967,0.920
194,Fresno St,1.002,0.913,0.832,1.049,0.968,1.025
195,F Dickinson,1.002,0.994,1.080,1.026,0.989,1.026
196,San Fransco,1.002,1.003,0.915,1.027,0.979,1.038
197,LSU,1.001,0.989,0.709,1.041,0.959,1.056
198,Charlotte,1.001,1.005,1.038,1.064,0.941,1.050
199,WI-Grn Bay,1.000,0.993,0.997,1.043,0.975,1.038
200,Boston U,0.999,0.972,0.930,1.027,0.973,1.012
201,S Utah,0.999,1.065,1.046,1.033,0.981,0.965
202,UMKC,0.999,0.969,0.908,1.039,0.967,0.994
203,LIU-Brooklyn,0.999,1.026,0.953,0.999,0.999,1.015
204,E Illinois,0.999,1.046,0.807,1.001,0.997,0.995
205,Rider,0.998,1.032,0.887,1.043,0.972,0.963
206,Florida Intl,0.998,1.081,1.093,1.041,0.965,1.027
207,New Orleans,0.997,1.051,1.016,1.028,0.978,0.972
208,Texas State,0.997,0.927,0.713,1.011,0.985,0.965
209,Stetson,0.997,0.909,0.825,1.125,0.916,1.031
210,Niagara,0.995,0.916,0.749,1.018,0.981,0.924
211,N Florida,0.993,1.071,0.911,1.060,0.956,1.126
212,San Diego St,0.993,1.020,0.947,1.022,0.973,0.996
213,Georgia,0.993,0.902,1.035,1.011,0.974,1.000
214,Wagner,0.993,1.107,1.125,1.028,0.960,1.004
215,UC Irvine,0.992,0.902,1.037,1.084,0.949,1.015
216,Grd Canyon,0.991,1.047,0.813,1.036,0.940,1.048
217,Lg Beach St,0.991,1.030,0.894,1.015,0.980,1.012
218,Columbia,0.991,0.991,1.010,0.991,0.991,1.102
219,U Penn,0.990,1.001,0.878,0.979,0.999,0.969
220,Incar Word,0.990,0.997,0.908,1.049,0.944,0.998
221,S Illinois,0.990,0.912,0.845,1.078,0.900,1.024
222,Evansville,0.989,0.981,0.965,1.029,0.953,1.045
223,Quinnipiac,0.988,0.963,0.874,1.010,0.969,0.901
224,NW State,0.988,1.131,1.257,0.990,0.987,1.000
225,Southern,0.988,0.905,0.804,1.044,0.952,0.995
226,Wash State,0.987,0.950,0.965,1.015,0.956,0.963
227,Central FL,0.987,0.895,0.784,1.013,0.961,0.971
228,Fairfield,0.987,0.972,1.082,0.992,0.984,1.014
229,IL-Chicago,0.985,0.999,0.986,0.977,0.993,0.859
230,Drake,0.985,0.937,0.795,1.051,0.920,0.976
231,High Point,0.984,0.913,0.750,0.963,1.003,1.092
232,Loyola Mymt,0.984,0.936,1.072,1.000,0.964,1.000
233,California,0.984,1.002,0.884,1.021,0.936,1.057
234,TX El Paso,0.983,0.969,0.763,0.966,0.998,1.027
235,AR Lit Rock,0.982,0.964,0.995,1.002,0.968,1.058
236,Coastal Car,0.982,0.906,0.816,1.046,0.918,1.005
237,SE Louisiana,0.982,0.964,0.896,1.066,0.925,0.970
238,Oklahoma,0.982,0.955,0.916,1.001,0.963,1.088
239,NJIT,0.982,1.022,0.865,1.041,0.952,1.030
240,TN Tech,0.982,0.969,0.969,0.975,0.987,1.067
241,Stanford,0.981,1.056,1.146,1.039,0.930,0.997
242,TN State,0.981,0.956,0.885,0.965,0.990,1.024
243,Savannah St,0.980,1.106,1.033,1.013,0.963,0.875
244,Boston Col,0.979,0.986,1.028,1.031,0.914,0.893
245,Connecticut,0.979,1.057,1.121,0.971,0.985,1.057
246,Bowling Grn,0.978,0.924,0.876,0.987,0.969,0.982
247,Alabama,0.978,1.009,0.958,1.015,0.941,0.975
248,Utah Val St,0.977,1.027,0.914,0.961,0.985,0.969
249,Old Dominion,0.976,0.944,0.911,0.987,0.967,1.056
250,Marist,0.976,1.072,1.062,1.029,0.940,1.001
251,James Mad,0.976,0.996,0.980,0.998,0.958,1.053
252,DePaul,0.975,0.905,0.910,1.044,0.886,0.967
253,Maryland ES,0.975,0.921,0.683,1.043,0.946,0.946
254,CS Fullerton,0.973,0.984,1.007,1.000,0.950,0.969
255,Cal Poly,0.972,0.853,0.777,0.975,0.970,1.021
256,Army,0.971,0.924,0.799,0.994,0.946,1.014
257,Nicholls St,0.971,1.009,0.885,1.027,0.943,0.902
258,E Kentucky,0.971,1.011,1.037,0.995,0.953,1.069
259,Mt St Marys,0.970,0.950,0.843,0.993,0.954,0.939
260,TX-Pan Am,0.970,0.909,0.864,1.012,0.944,0.929
261,Nebraska,0.969,0.884,0.887,0.987,0.951,1.045
262,N Illinois,0.969,0.968,0.990,0.994,0.944,0.986
263,Cornell,0.969,1.004,1.224,1.001,0.950,0.949
264,Sacred Hrt,0.968,0.922,0.986,0.987,0.954,0.996
265,Pepperdine,0.967,0.974,1.193,1.009,0.934,1.033
266,S Alabama,0.967,0.964,0.902,1.002,0.932,0.928
267,CS Bakersfld,0.967,1.036,0.871,1.018,0.944,1.020
268,St Josephs,0.966,0.836,0.940,1.000,0.937,1.070
269,Duquesne,0.966,0.939,1.084,0.973,0.957,1.047
270,Tulsa,0.966,0.936,0.910,1.022,0.916,1.038
271,Navy,0.966,0.823,0.928,0.982,0.952,1.022
272,San Jose St,0.964,0.888,0.863,0.969,0.958,0.930
273,U Mass,0.963,0.910,0.873,0.966,0.960,0.987
274,Idaho State,0.962,1.050,1.067,1.054,0.915,0.997
275,Colgate,0.962,1.042,1.022,0.967,0.960,1.018
276,Abl Christian,0.962,1.104,1.116,0.945,0.973,0.981
277,App State,0.961,0.951,0.958,0.973,0.952,0.965
278,Penn State,0.961,0.951,0.741,0.986,0.937,0.961
279,Beth-Cook,0.960,0.958,0.852,0.985,0.944,0.973
280,Hawaii,0.960,0.941,0.880,0.974,0.937,1.052
281,Ste F Austin,0.960,0.975,0.758,1.016,0.927,1.126
282,Dartmouth,0.959,1.008,0.756,0.987,0.937,0.984
283,Texas,0.958,0.905,0.800,1.004,0.907,1.040
284,Fla Atlantic,0.957,0.870,0.918,0.943,0.969,0.936
285,Sam Hous St,0.957,0.998,0.948,1.021,0.915,1.026
286,Holy Cross,0.957,0.963,0.742,0.988,0.933,0.964
287,Prairie View,0.956,1.082,1.220,1.091,0.885,0.855
288,W Illinois,0.956,0.993,0.844,0.994,0.928,0.983
289,Delaware,0.955,1.082,1.175,0.978,0.941,0.958
290,UC Davis,0.955,0.828,0.821,1.060,0.917,0.905
291,N Colorado,0.955,1.042,1.082,0.987,0.935,1.008
292,S Car State,0.954,1.057,1.156,0.992,0.939,1.023
293,Grambling St,0.954,1.035,0.723,1.016,0.924,0.855
294,Alcorn State,0.954,0.916,0.771,1.017,0.920,0.950
295,Binghamton,0.953,0.944,0.926,1.016,0.908,0.883
296,VA Military,0.953,0.897,0.833,0.990,0.926,0.948
297,Tulane,0.952,0.965,0.863,1.007,0.909,0.927
298,San Diego,0.952,0.922,0.882,0.937,0.968,0.888
299,Pacific,0.950,0.980,0.715,0.976,0.927,0.973
300,Missouri,0.948,1.065,1.076,0.949,0.947,0.968
301,Loyola-MD,0.948,0.883,0.815,0.974,0.929,0.986
302,Manhattan,0.947,0.954,0.981,0.989,0.915,0.968
303,LA Monroe,0.947,0.950,0.786,1.022,0.899,1.023
304,UNLV,0.946,0.813,0.706,0.958,0.929,0.994
305,Norfolk St,0.945,0.927,0.992,1.018,0.912,1.034
306,Miami (OH),0.945,0.928,0.899,0.931,0.961,0.945
307,Hartford,0.945,0.942,0.955,0.942,0.947,0.979
308,N Arizona,0.945,1.039,0.928,0.953,0.940,0.911
309,Hampton,0.943,0.955,0.856,0.966,0.930,0.989
310,Jackson St,0.943,0.997,0.874,1.004,0.907,0.945
311,GA Tech,0.942,0.954,0.758,0.963,0.918,1.065
312,Portland,0.940,1.054,0.924,0.924,0.952,1.028
313,NC A&T,0.939,1.077,1.021,1.021,0.892,0.939
314,Radford,0.939,0.884,0.789,0.984,0.909,1.016
315,Indiana St,0.938,0.953,0.933,0.998,0.895,0.931
316,Delaware St,0.938,0.989,0.868,0.990,0.917,0.865
317,Miss Val St,0.938,1.042,0.816,1.057,0.891,0.880
318,North Texas,0.937,0.979,1.218,0.976,0.887,0.991
319,Seattle,0.935,0.790,0.734,0.934,0.935,0.927
320,Florida A&M,0.935,0.917,1.025,0.952,0.922,0.845
321,Rutgers,0.935,0.992,0.989,0.984,0.891,0.911
322,Cleveland St,0.934,1.031,1.002,0.954,0.925,0.886
323,Bradley,0.934,0.925,0.703,0.964,0.912,0.810
324,McNeese St,0.933,1.002,1.120,0.986,0.895,0.969
325,SIU Edward,0.933,1.055,1.067,0.955,0.919,0.932
326,Fordham,0.932,0.934,0.971,0.952,0.911,1.008
327,E Carolina,0.926,0.983,1.089,0.937,0.913,0.978
328,American,0.924,0.988,0.879,0.962,0.889,0.903
329,Morgan St,0.921,0.983,1.021,0.969,0.882,0.943
330,N Iowa,0.921,0.887,0.950,0.985,0.876,1.041
331,TX-San Ant,0.920,1.035,1.078,0.980,0.884,0.961
332,Lafayette,0.918,0.979,0.955,0.939,0.898,0.977
333,Central Conn,0.913,0.944,1.071,0.917,0.911,0.911
334,Alab A&M,0.910,0.991,0.854,0.991,0.870,0.989
335,Oregon St,0.909,0.818,0.909,0.923,0.896,1.024
336,Longwood,0.909,0.925,1.043,0.962,0.869,1.031
337,S Florida,0.908,0.829,0.813,0.926,0.885,0.918
338,Saint Louis,0.907,0.958,0.732,0.956,0.845,0.924
339,Maine,0.903,0.816,0.614,0.915,0.896,0.941
340,Alabama St,0.903,0.981,1.017,0.996,0.856,0.968
341,Howard,0.900,0.927,0.739,0.976,0.865,0.939
342,Coppin State,0.900,0.939,0.910,1.030,0.845,0.944
343,UC Riverside,0.898,0.935,0.966,0.883,0.909,0.975
344,Rob Morris,0.898,0.969,0.915,0.896,0.899,0.915
345,S Mississippi,0.894,1.013,0.988,0.963,0.843,0.950
346,UCSB,0.884,0.955,0.900,0.903,0.869,1.001
347,Presbyterian,0.869,0.907,0.913,0.901,0.849,0.927
348,Chicago St,0.867,0.872,0.795,0.872,0.865,0.867
349,St Fran (NY),0.866,0.775,0.794,0.894,0.847,0.937
350,Ark Pine Bl,0.857,0.870,1.029,0.972,0.798,0.841
351,W Carolina,0.847,0.917,0.910,0.932,0.790,0.987