1,Villanova,0.665,1,326,1
2,Arizona,0.655,1,211,2
3,Kansas,0.653,1,60,3
4,Kentucky,0.652,1,41,4
5,N Carolina,0.646,1,59,5
6,Duke,0.646,6,153,6
7,Louisville,0.645,3,209,7
8,Gonzaga,0.644,1,75,8
9,Oregon,0.643,4,214,9
10,Florida,0.639,2,265,10
11,Baylor,0.638,1,210,11
12,S Methodist,0.631,12,119,15
13,Cincinnati,0.631,1,105,12
14,Florida St,0.631,4,267,13
15,Butler,0.625,3,218,14
16,UCLA,0.624,12,237,16
17,St Marys,0.621,3,124,17
18,Virginia,0.617,3,60,18
19,Purdue,0.613,15,329,20
20,Minnesota,0.611,5,210,21
21,Iowa State,0.610,13,146,22
22,VCU,0.610,12,227,19
23,Notre Dame,0.609,17,212,23
24,W Virginia,0.605,10,327,24
25,Michigan,0.604,22,91,30
26,Creighton,0.603,1,219,26
27,NC-Wilmgton,0.602,4,275,27
28,Arkansas,0.602,12,109,25
29,Nevada,0.601,20,259,29
30,Dayton,0.601,4,155,28
31,Rhode Island,0.599,28,115,37
32,Wichita St,0.598,27,158,31
33,Illinois St,0.597,26,260,33
34,Maryland,0.596,14,113,34
35,Middle Tenn,0.595,3,241,35
36,Wisconsin,0.593,17,230,32
37,Xavier,0.593,1,101,36
38,Vanderbilt,0.591,33,249,38
39,Oklahoma St,0.588,27,248,39
40,USC,0.588,12,213,41
41,Wake Forest,0.588,12,274,40
42,Miami (FL),0.587,6,341,42
43,S Carolina,0.587,9,97,43
44,Seton Hall,0.586,12,147,44
45,TX-Arlington,0.586,16,165,45
46,Vermont,0.584,43,325,46
47,Princeton,0.583,46,311,50
48,VA Tech,0.582,3,163,47
49,Monmouth,0.579,39,148,48
50,Michigan St,0.579,7,223,51
51,Northwestern,0.578,16,342,49
52,Georgia,0.575,25,133,52
53,California,0.571,20,191,53
54,E Tenn St,0.571,20,185,54
55,Providence,0.570,23,308,55
56,Kansas St,0.570,37,216,56
57,Col Charlestn,0.569,29,197,58
58,Houston,0.569,22,316,57
59,Akron,0.568,35,297,59
60,N Mex State,0.568,46,299,60
61,Belmont,0.566,52,282,62
62,Marquette,0.565,35,234,61
63,Bucknell,0.564,61,306,63
64,Illinois,0.562,25,224,64
65,BYU,0.560,63,342,66
66,Colorado St,0.560,21,336,65
67,TX Christian,0.557,4,203,67
68,Winthrop,0.556,12,287,68
69,Clemson,0.555,2,125,69
70,Central FL,0.555,2,235,70
71,Valparaiso,0.554,31,342,72
72,Boise State,0.553,55,276,74
73,NC-Asheville,0.553,35,277,71
74,Pittsburgh,0.553,14,104,73
75,CS Bakersfld,0.552,53,263,77
76,Fresno St,0.552,28,290,76
77,Mississippi,0.552,1,82,75
78,Alabama,0.550,53,204,78
79,Indiana,0.549,4,139,79
80,Richmond,0.548,70,309,80
81,Iowa,0.547,26,310,81
82,Utah,0.545,16,339,82
83,Tennessee,0.544,36,304,83
84,Syracuse,0.543,16,223,84
85,Fla Gulf Cst,0.543,50,295,85
86,New Mexico,0.543,65,280,86
87,N Kentucky,0.543,83,310,87
88,Ohio State,0.541,13,166,88
89,Iona,0.541,42,298,89
90,Towson,0.540,68,324,90
91,St Bonavent,0.540,53,294,92
92,Davidson,0.539,23,152,91
93,Texas A&M,0.538,23,258,93
94,San Fransco,0.538,22,255,94
95,NC-Grnsboro,0.538,10,231,95
96,Furman,0.536,74,263,96
97,Lehigh,0.536,27,214,97
98,Colorado,0.535,45,344,98
99,Stanford,0.534,35,332,100
100,San Diego St,0.534,8,155,99
101,Geo Wshgtn,0.532,19,320,101
102,Geo Mason,0.531,102,292,102
103,Georgia St,0.531,23,341,107
104,Penn State,0.531,65,201,104
105,TX Southern,0.531,45,239,105
106,Connecticut,0.530,35,294,103
107,GA Tech,0.530,34,315,106
108,Nebraska,0.529,43,240,108
109,Oakland,0.529,63,254,111
110,Wm & Mary,0.529,37,264,112
111,N Dakota St,0.529,22,228,109
112,Marshall,0.529,11,204,110
113,Georgetown,0.528,53,253,113
114,Auburn,0.528,18,343,114
115,LA Lafayette,0.527,71,270,115
116,Wright State,0.526,61,202,116
117,LA Tech,0.526,92,265,117
118,Siena,0.526,37,292,118
119,Ohio,0.525,8,180,119
120,Arkansas St,0.525,15,296,120
121,Memphis,0.524,75,321,121
122,South Dakota,0.524,38,229,122
123,St Johns,0.522,4,277,123
124,Texas Tech,0.521,40,270,125
125,GA Southern,0.521,79,309,128
126,Arizona St,0.521,79,255,127
127,Santa Clara,0.521,4,322,126
128,N Hampshire,0.521,96,337,129
129,Yale,0.520,9,143,124
130,UC Irvine,0.520,77,282,132
131,Albany,0.519,3,194,130
132,St Peters,0.519,95,328,133
133,Grd Canyon,0.519,49,233,134
134,La Salle,0.519,57,286,135
135,Tulsa,0.518,69,287,131
136,Northeastrn,0.518,31,269,137
137,Temple,0.518,16,340,136
138,Old Dominion,0.517,38,244,138
139,Neb Omaha,0.517,36,221,139
140,Chattanooga,0.516,6,144,141
141,NC State,0.516,24,277,142
142,Kent State,0.515,18,310,143
143,Harvard,0.515,94,342,140
144,North Dakota,0.515,130,350,144
145,S Illinois,0.514,50,250,145
146,Buffalo,0.514,44,190,146
147,Troy,0.511,101,292,154
148,Miss State,0.511,100,246,147
149,E Washingtn,0.510,57,349,148
150,Mt St Marys,0.509,19,273,149
151,Jksnville St,0.509,37,318,150
152,Wyoming,0.508,60,278,153
153,Loyola Mymt,0.508,139,345,152
154,New Orleans,0.508,86,337,151
155,Toledo,0.506,8,201,155
156,S Dakota St,0.506,76,339,158
157,Texas,0.506,32,346,157
158,WI-Grn Bay,0.506,91,303,156
159,TX A&M-CC,0.506,58,313,159
160,Elon,0.504,4,304,160
161,TN State,0.504,2,176,161
162,N Iowa,0.504,3,204,162
163,UC Davis,0.504,1,293,163
164,TN Martin,0.503,54,326,164
165,Maryland BC,0.502,67,329,165
166,Wash State,0.502,23,256,167
167,Rice,0.502,78,272,168
168,Oklahoma,0.502,5,175,166
169,Ball State,0.502,52,347,169
170,Samford,0.501,66,314,170
171,Canisius,0.501,77,290,171
172,Rutgers,0.500,14,278,173
173,Liberty,0.500,53,334,174
174,E Michigan,0.499,16,231,175
175,Houston Bap,0.499,92,323,176
176,Stony Brook,0.498,91,331,178
177,IPFW,0.498,66,240,177
178,W Michigan,0.498,36,316,179
179,Texas State,0.497,7,328,172
180,Utah State,0.496,46,219,180
181,Loyola-Chi,0.496,102,240,181
182,Coastal Car,0.495,139,348,182
183,Fairfield,0.495,8,212,183
184,Boston U,0.495,18,280,184
185,UMKC,0.494,19,282,185
186,Weber State,0.494,99,343,186
187,Gard-Webb,0.494,18,282,187
188,Evansville,0.493,84,248,189
189,Lipscomb,0.493,149,348,188
190,Wofford,0.492,162,335,190
191,San Jose St,0.490,127,326,192
192,Mercer,0.490,64,312,195
193,U Mass,0.490,4,194,194
194,LSU,0.490,51,345,191
195,Sam Hous St,0.490,59,322,193
196,Hofstra,0.487,45,350,196
197,U Penn,0.486,95,293,197
198,UAB,0.485,88,275,198
199,Rider,0.485,149,324,199
200,Morehead St,0.484,105,316,200
201,St Josephs,0.484,5,264,201
202,NC Central,0.484,57,329,202
203,Ste F Austin,0.483,40,314,203
204,San Diego,0.481,98,317,204
205,Utah Val St,0.481,19,316,205
206,Navy,0.481,44,281,206
207,Idaho,0.480,67,328,207
208,Holy Cross,0.480,20,263,209
209,Missouri St,0.480,67,229,208
210,Washington,0.479,30,253,210
211,Denver,0.479,137,335,211
212,E Carolina,0.478,35,261,212
213,Lg Beach St,0.476,52,283,213
214,Fordham,0.475,51,306,214
215,Loyola-MD,0.475,69,335,215
216,Central Mich,0.473,23,320,217
217,N Florida,0.473,68,348,216
218,IUPUI,0.473,158,314,218
219,Boston Col,0.472,125,332,219
220,Bradley,0.471,140,349,220
221,Montana,0.471,156,336,221
222,LIU-Brooklyn,0.470,48,307,222
223,Pacific,0.470,68,299,223
224,TX El Paso,0.470,202,350,224
225,Bowling Grn,0.467,70,317,225
226,W Kentucky,0.467,89,313,226
227,Radford,0.465,109,328,227
228,Alcorn State,0.464,203,341,228
229,SC Upstate,0.463,60,328,230
230,Murray St,0.463,129,288,231
231,S Alabama,0.463,26,238,229
232,Lamar,0.462,85,343,232
233,Portland,0.460,106,253,233
234,Indiana St,0.460,19,251,234
235,Delaware,0.459,86,311,235
236,High Point,0.459,27,271,236
237,DePaul,0.458,63,321,237
238,Rob Morris,0.457,171,343,238
239,Saint Louis,0.457,54,319,239
240,N Illinois,0.456,29,323,240
241,UNLV,0.455,123,282,242
242,Norfolk St,0.455,222,328,243
243,Charlotte,0.455,1,247,241
244,Campbell,0.455,230,351,244
245,AR Lit Rock,0.454,46,337,246
246,Wagner,0.454,27,301,245
247,Pepperdine,0.453,82,295,247
248,Nicholls St,0.452,6,334,248
249,E Kentucky,0.452,71,315,249
250,Cleveland St,0.452,58,288,250
251,SE Louisiana,0.451,188,334,251
252,IL-Chicago,0.451,60,331,252
253,Air Force,0.450,49,293,253
254,Youngs St,0.450,69,325,254
255,Montana St,0.449,160,333,255
256,Missouri,0.448,80,279,256
257,James Mad,0.448,80,344,257
258,St Fran (PA),0.448,135,334,258
259,WI-Milwkee,0.446,123,319,259
260,Kennesaw St,0.446,85,343,260
261,Austin Peay,0.445,56,298,261
262,Columbia,0.445,75,309,262
263,Manhattan,0.444,153,326,263
264,TX-San Ant,0.443,26,349,264
265,E Illinois,0.443,139,327,265
266,Duquesne,0.441,148,313,266
267,Army,0.440,212,316,267
268,Portland St,0.439,115,350,268
269,CS Fullerton,0.439,126,344,269
270,Cornell,0.438,55,315,270
271,W Carolina,0.438,82,273,271
272,Quinnipiac,0.438,192,348,272
273,F Dickinson,0.436,143,327,273
274,SE Missouri,0.436,147,339,274
275,Marist,0.435,43,344,275
276,TN Tech,0.435,151,348,276
277,Hampton,0.435,209,343,277
278,Maryland ES,0.434,74,345,279
279,Savannah St,0.434,54,344,278
280,Seattle,0.434,98,320,280
281,Oregon St,0.434,6,346,281
282,Fla Atlantic,0.433,8,335,282
283,Niagara,0.433,29,337,284
284,Citadel,0.433,32,325,285
285,Brown,0.433,20,317,283
286,Bryant,0.432,59,338,286
287,N Colorado,0.431,115,342,287
288,Detroit,0.431,58,331,288
289,Abl Christian,0.431,195,347,289
290,NJIT,0.430,103,301,290
291,Jacksonville,0.430,36,311,291
292,Oral Roberts,0.430,40,299,292
293,Colgate,0.429,46,341,294
294,Tulane,0.428,87,340,293
295,Cal Poly,0.428,124,332,296
296,LA Monroe,0.428,125,351,295
297,Sac State,0.427,106,346,297
298,Hawaii,0.427,2,325,300
299,Charl South,0.427,65,351,299
300,App State,0.427,144,328,298
301,Miami (OH),0.426,127,322,301
302,S Car State,0.426,62,309,304
303,Incar Word,0.426,139,347,303
304,Sacred Hrt,0.426,13,318,302
305,Dartmouth,0.426,21,348,306
306,NW State,0.425,53,344,307
307,Prairie View,0.425,5,343,305
308,Drexel,0.424,107,312,308
309,Mass Lowell,0.424,17,327,309
310,American,0.423,18,346,310
311,Central Ark,0.423,182,342,311
312,Binghamton,0.422,25,329,312
313,Cal St Nrdge,0.420,16,339,313
314,Drake,0.419,46,349,314
315,McNeese St,0.419,139,349,315
316,S Florida,0.416,196,339,316
317,Chicago St,0.415,139,351,317
318,Grambling St,0.415,111,350,319
319,TX-Pan Am,0.415,172,348,318
320,Southern,0.414,96,322,320
321,Lafayette,0.414,29,328,321
322,Maine,0.412,71,328,322
323,Jackson St,0.412,202,327,323
324,UCSB,0.411,72,329,324
325,W Illinois,0.409,81,350,325
326,Morgan St,0.407,248,346,326
327,Stetson,0.406,189,337,327
328,Hartford,0.405,51,349,328
329,VA Military,0.403,185,349,329
330,UC Riverside,0.399,176,342,330
331,S Mississippi,0.396,199,350,331
332,Delaware St,0.395,71,350,332
333,SIU Edward,0.394,1,334,333
334,Miss Val St,0.394,75,345,334
335,N Arizona,0.392,3,349,335
336,Coppin State,0.390,52,351,336
337,Florida Intl,0.387,176,347,338
338,Howard,0.387,22,345,337
339,North Texas,0.386,226,339,339
340,Idaho State,0.379,86,340,340
341,S Utah,0.378,53,349,341
342,Alabama St,0.373,145,348,342
343,Longwood,0.372,56,351,343
344,Central Conn,0.365,115,350,344
345,Ark Pine Bl,0.365,88,349,345
346,Presbyterian,0.364,20,347,346
347,Beth-Cook,0.363,32,350,347
348,St Fran (NY),0.345,108,348,348
349,Florida A&M,0.335,179,350,349
350,NC A&T,0.316,131,351,350
351,Alab A&M,0.315,314,351,351