1,Gonzaga,+23.4,+19.7,+18.0,+26.9,+20.2,+12.7
2,Wichita St,+19.3,+20.3,+20.0,+27.2,+11.9,+13.1
3,W Virginia,+15.6,+1.7,-6.0,+22.8,+7.6,+11.8
4,St Marys,+15.5,+12.0,-18.0,+16.7,+14.1,+12.4
5,UCLA,+15.0,0.0,-11.0,+20.8,+8.9,+0.8
6,Villanova,+14.9,+19.0,+14.0,+17.6,+12.7,+14.4
7,S Methodist,+14.7,+10.0,+15.0,+21.4,+7.1,+13.9
8,Kentucky,+14.4,+11.0,+17.0,+18.9,+9.8,+11.4
9,Cincinnati,+13.6,+4.7,-15.0,+21.1,+5.3,+9.9
10,N Carolina,+13.4,+7.3,-10.0,+21.5,+5.8,+12.8
11,Oregon,+13.3,+9.3,-3.0,+20.4,+6.6,+9.4
12,Purdue,+13.0,+3.7,-4.0,+19.8,+5.3,+12.7
13,Florida,+11.7,+0.3,-10.0,+14.3,+10.5,+5.5
14,Louisville,+11.7,-1.3,-4.0,+17.1,+5.6,+13.8
15,Florida St,+11.2,+3.7,-4.0,+21.0,-0.6,+4.0
16,Virginia,+11.0,+8.0,-13.0,+16.4,+5.6,+10.9
17,Middle Tenn,+10.9,+17.7,+11.0,+10.6,+11.1,+3.4
18,Duke,+10.8,+6.7,+6.0,+18.5,+4.4,+8.6
19,Arizona,+10.8,+9.3,+3.0,+14.1,+7.9,+11.6
20,Vermont,+10.5,+27.0,+3.0,+15.3,+6.1,+3.2
21,Wisconsin,+10.5,+7.7,-15.0,+19.5,+1.6,+4.0
22,Kansas,+10.3,+4.0,-3.0,+15.8,+5.5,+12.6
23,E Tenn St,+10.2,+7.0,+5.0,+14.8,+7.0,+0.8
24,LA Tech,+9.5,+8.0,-16.0,+17.5,+2.1,+4.3
25,N Mex State,+9.4,+14.0,+10.0,+13.6,+5.1,+7.1
26,NC Central,+9.4,+23.7,+8.0,+14.8,+6.7,-3.0
27,Michigan,+9.3,+8.7,+15.0,+14.3,+3.9,+5.8
28,Dayton,+9.2,-1.7,-6.0,+14.3,+4.1,+6.6
29,Houston,+9.2,-1.7,-9.0,+13.8,+4.3,+8.1
30,NC-Wilmgton,+9.0,+9.7,+9.0,+14.3,+5.8,+5.9
31,Nevada,+9.0,+11.0,+8.0,+12.7,+6.5,+1.1
32,Creighton,+8.9,+0.3,-14.0,+11.8,+6.2,+7.3
33,Iowa State,+8.9,+12.0,+6.0,+15.8,+3.1,+6.8
34,Notre Dame,+8.8,+3.7,-6.0,+15.7,+1.1,+4.5
35,Bucknell,+8.8,+12.3,+16.0,+11.8,+6.1,+3.8
36,Princeton,+8.8,+19.0,+12.0,+14.9,+5.4,+8.9
37,Utah,+8.6,+11.7,-3.0,+13.6,+3.2,+6.7
38,Baylor,+8.6,+4.7,-6.0,+12.2,+4.7,+6.4
39,Rhode Island,+8.5,+14.0,+7.0,+10.1,+7.0,+4.6
40,VCU,+8.3,+4.7,-7.0,+16.2,+1.2,+9.5
41,Winthrop,+8.1,+11.3,+17.0,+7.7,+8.4,+4.3
42,Monmouth,+8.0,+9.0,-4.0,+11.9,+5.2,+7.1
43,Butler,+7.9,-0.7,-5.0,+12.9,+2.6,+8.9
44,Oakland,+7.7,+7.7,-1.0,+10.2,+4.8,+7.9
45,Illinois St,+7.7,+1.3,-20.0,+9.8,+6.0,+0.8
46,Marquette,+7.5,+4.3,-6.0,+14.9,-1.4,+2.1
47,Oklahoma St,+7.2,-5.7,-9.0,+12.3,+2.5,-0.6
48,NC-Asheville,+7.1,+3.7,-2.0,+14.6,+2.2,+4.3
49,BYU,+7.0,-5.0,-31.0,+12.4,+1.4,+10.0
50,Indiana,+7.0,+5.3,-10.0,+16.7,-4.6,+12.7
51,S Carolina,+6.9,-3.3,-11.0,+12.4,+0.4,+6.2
52,Central FL,+6.6,+7.3,-11.0,+12.9,+0.2,-2.8
53,Belmont,+6.6,+5.0,-6.0,+11.8,+2.4,+3.3
54,TX-Arlington,+6.5,0.0,-21.0,+15.3,+1.8,+8.4
55,Valparaiso,+6.5,+1.3,-2.0,+11.4,+1.3,+10.7
56,Ohio,+6.5,+4.3,-2.0,+11.0,+1.9,+3.1
57,Texas Tech,+6.2,-4.0,-9.0,+13.7,-4.7,+2.2
58,Minnesota,+6.2,-6.3,-7.0,+10.4,-0.3,-6.0
59,Fla Gulf Cst,+6.1,+19.3,+16.0,+10.2,+1.4,+3.0
60,Northwestern,+6.0,+0.7,-28.0,+11.0,+0.4,+6.0
61,Arkansas,+5.8,-0.7,-17.0,+11.9,-1.1,+3.5
62,Miami (FL),+5.7,-9.7,-25.0,+11.6,-0.2,+7.8
63,USC,+5.5,+6.3,-2.0,+11.9,-1.3,+5.9
64,Akron,+5.5,+5.3,-5.0,+9.7,+2.4,+6.8
65,San Diego St,+5.4,+7.0,-8.0,+10.2,+2.2,+7.6
66,CS Bakersfld,+5.4,-5.0,-10.0,+9.1,+3.3,+7.7
67,Furman,+5.4,-2.3,-4.0,+10.8,+1.8,+1.4
68,Syracuse,+5.3,+1.3,-5.0,+15.3,-9.3,+4.9
69,California,+5.1,0.0,-8.0,+12.1,-3.2,+7.5
70,Maryland,+5.0,+5.0,-8.0,+5.4,+4.5,+8.4
71,Rice,+4.9,-2.0,-10.0,+5.6,+4.2,-6.1
72,VA Tech,+4.8,-0.7,-6.0,+11.3,-2.5,+2.4
73,Lehigh,+4.8,-2.7,-16.0,+9.5,+1.4,+0.8
74,Albany,+4.8,+11.0,-3.0,+9.4,+1.4,+8.5
75,Kansas St,+4.8,+6.0,-1.0,+7.9,+1.8,+2.5
76,Wake Forest,+4.8,+3.3,-9.0,+12.4,-1.2,-5.0
77,St Peters,+4.7,+0.7,-8.0,+5.0,+4.5,-0.7
78,Harvard,+4.5,-3.0,-2.0,+8.2,+1.4,-0.7
79,Col Charlestn,+4.5,+1.3,-9.0,+8.9,+1.3,+2.3
80,St Bonavent,+4.5,+2.0,-11.0,+5.2,+3.8,+4.7
81,Colorado St,+4.4,+8.7,-8.0,+7.1,+1.8,+0.8
82,North Dakota,+4.4,+10.7,+4.0,+9.6,+1.5,+1.2
83,Alabama,+4.2,+8.7,-5.0,+9.1,-0.5,-1.5
84,Loyola-Chi,+4.1,+2.7,-5.0,+7.4,+1.2,-1.8
85,Iona,+4.1,+9.0,+1.0,+4.4,+4.0,+5.4
86,IPFW,+4.1,-0.3,-4.0,+11.1,-1.9,+1.7
87,Grd Canyon,+4.1,+12.0,+6.0,+9.8,-3.0,+7.0
88,San Fransco,+3.8,+0.7,-7.0,+8.1,-0.2,-2.2
89,Providence,+3.6,+2.7,-12.0,+9.5,-3.9,+3.5
90,Troy,+3.6,+12.3,+6.0,+6.8,+1.6,-7.1
91,Clemson,+3.5,+7.0,-7.0,+11.2,-4.2,+5.2
92,UC Irvine,+3.4,+3.7,-3.0,+11.4,-0.6,+4.6
93,Colorado,+3.4,+1.3,-14.0,+9.1,-2.4,+4.4
94,Michigan St,+3.4,+6.3,-5.0,+11.3,-4.1,+15.7
95,Boise State,+3.3,+0.7,-19.0,+5.7,+1.4,+4.1
96,Old Dominion,+3.3,-6.0,-1.0,+6.9,-0.1,+7.0
97,Memphis,+3.3,-16.3,-30.0,+11.0,-6.6,+6.3
98,Xavier,+3.3,+4.3,-3.0,+9.6,-2.3,+10.1
99,Chattanooga,+3.2,-10.3,-12.0,+7.5,+0.1,+6.7
100,Weber State,+3.2,+8.0,-4.0,+7.3,+0.8,+5.3
101,TX Christian,+3.2,+0.3,-21.0,+9.9,-4.9,-4.5
102,Seton Hall,+3.1,+3.3,-2.0,+9.2,-1.6,+6.4
103,Towson,+3.1,+5.3,-8.0,+7.8,-0.5,+1.5
104,Vanderbilt,+3.1,+7.0,-14.0,+8.2,-1.4,+8.5
105,Kent State,+3.1,+3.3,+5.0,+7.6,-0.5,-0.1
106,NC-Grnsboro,+3.0,+2.7,-5.0,+4.9,+1.5,-2.8
107,Ohio State,+3.0,-4.0,-9.0,+9.1,-5.8,+2.3
108,N Kentucky,+3.0,+7.0,+6.0,+6.4,+1.0,-6.2
109,Arkansas St,+3.0,-5.0,-3.0,+10.0,-1.5,-5.1
110,Lipscomb,+2.9,+12.0,-6.0,+8.6,-1.5,-5.0
111,LA Lafayette,+2.6,-0.3,-10.0,+5.7,+0.1,+4.6
112,Gard-Webb,+2.6,+11.7,-3.0,+3.3,+2.3,-3.0
113,Richmond,+2.6,+1.0,-10.0,+4.4,+0.8,+2.7
114,TX Southern,+2.6,+7.7,+3.0,+20.7,-5.0,+2.3
115,Ball State,+2.4,+1.3,-4.0,+3.8,+1.2,+3.1
116,Georgia St,+2.4,+1.3,-11.0,+6.6,-0.3,-0.6
117,Yale,+2.4,-2.0,-12.0,+7.0,-1.1,+10.1
118,Texas A&M,+2.4,-5.3,-25.0,+8.8,-4.4,+10.0
119,Fresno St,+2.4,+2.3,-11.0,+9.5,-3.1,+3.0
120,Iowa,+2.3,-3.0,-22.0,+10.4,-8.1,+8.3
121,Geo Mason,+2.2,-4.0,-11.0,+5.1,-0.2,-5.4
122,Toledo,+2.2,+6.0,-1.0,+10.3,-4.8,+5.3
123,Davidson,+2.2,-3.0,-24.0,+6.3,-0.6,+0.6
124,South Dakota,+2.1,+4.3,-3.0,+8.5,-1.9,-4.7
125,Maryland BC,+2.1,0.0,-9.0,+3.9,+0.7,-8.5
126,Samford,+2.1,+4.3,-9.0,+4.5,+0.4,-1.5
127,E Washingtn,+2.0,-1.3,-8.0,+8.1,-2.9,+1.6
128,Buffalo,+1.9,+4.3,-3.0,+8.2,-1.7,+0.4
129,Georgetown,+1.9,-10.0,-1.0,+7.9,-5.0,+1.8
130,Texas State,+1.8,+9.0,-6.0,+5.5,-0.5,-1.1
131,Mississippi,+1.7,+5.3,-1.0,+4.4,-1.6,+3.1
132,Missouri St,+1.7,-9.3,-15.0,+6.2,-2.9,-6.1
133,Elon,+1.6,+5.3,-5.0,+4.9,-0.6,-1.3
134,Wright State,+1.4,+7.7,-5.0,+6.9,-3.4,+1.9
135,TN State,+1.4,-2.0,-3.0,+0.7,+1.8,+3.5
136,Murray St,+1.4,+0.3,-6.0,+7.0,-2.2,+1.5
137,Montana,+1.3,+6.3,-4.0,+3.7,-0.3,+3.6
138,N Dakota St,+1.3,-7.0,-19.0,+5.6,-1.5,+2.1
139,New Orleans,+1.3,+8.3,+3.0,+8.1,-3.1,-6.0
140,TX A&M-CC,+1.2,+7.3,-3.0,+9.5,-4.1,+2.3
141,Marshall,+1.2,+2.0,-11.0,+7.9,-4.1,+1.1
142,Boston U,+1.2,+1.3,-3.0,+3.9,-1.3,-0.4
143,Miss State,+1.2,+6.3,-20.0,+4.4,-2.3,+2.2
144,Denver,+1.2,-11.7,-10.0,+5.2,-1.9,-0.1
145,Georgia,+1.2,-9.0,-11.0,+2.7,-0.4,+0.9
146,Tennessee,+1.1,-2.3,-2.0,+6.4,-5.4,-0.1
147,New Mexico,+1.0,-3.7,-5.0,+6.5,-4.2,+2.6
148,Lamar,+0.9,+1.0,-16.0,+10.5,-4.9,-5.9
149,N Hampshire,+0.9,-6.7,-33.0,+4.5,-1.6,-0.8
150,Jksnville St,+0.9,+13.3,+11.0,-1.8,+1.8,-6.3
151,U Penn,+0.9,-2.3,-8.0,-0.7,+2.0,-4.0
152,Auburn,+0.8,+2.3,-3.0,+6.4,-4.1,-7.4
153,Canisius,+0.8,-2.0,-3.0,+2.5,-0.4,-1.8
154,SE Louisiana,+0.8,-4.3,-12.0,+10.5,-5.7,-6.1
155,Wagner,+0.8,-1.0,-1.0,+1.4,+0.1,+4.7
156,LIU-Brooklyn,+0.7,+2.3,-1.0,+1.6,+0.2,-0.8
157,Santa Clara,+0.7,-5.3,-9.0,+5.9,-4.6,-6.5
158,UAB,+0.7,-7.7,-12.0,+9.7,-7.3,+6.6
159,Connecticut,+0.6,+3.3,-10.0,+4.2,-2.2,+9.6
160,Wm & Mary,+0.6,-0.7,-11.0,+13.3,-8.4,+4.3
161,Wyoming,+0.6,-1.7,-15.0,+4.5,-3.4,-2.1
162,Liberty,+0.6,-2.0,-4.0,+3.1,-1.9,-6.7
163,UC Davis,+0.5,+5.3,+3.0,+11.1,-3.7,-4.3
164,Utah Val St,+0.5,+6.0,-1.0,+1.1,+0.1,-6.0
165,Illinois,+0.5,-6.7,-20.0,+6.3,-5.8,-2.6
166,Utah State,+0.4,+1.7,-14.0,+8.5,-6.6,+0.6
167,Geo Wshgtn,+0.4,+3.3,-3.0,+6.0,-4.8,+7.2
168,Stony Brook,+0.4,-4.0,-7.0,+3.2,-2.5,+9.0
169,WI-Grn Bay,+0.4,-4.7,-9.0,+4.1,-1.8,+1.8
170,Wofford,+0.4,-0.3,-4.0,+10.8,-4.8,-1.4
171,Siena,+0.2,+5.0,-1.0,+3.9,-2.3,+4.9
172,Northeastrn,+0.1,-12.0,-28.0,+6.9,-3.6,+0.2
173,Idaho,+0.1,+2.7,-5.0,+4.5,-3.0,+0.7
174,GA Southern,0.0,-9.0,-20.0,+3.2,-1.8,-2.5
175,U Mass,-0.0,-3.3,-13.0,+4.1,-4.9,-2.3
176,Rider,-0.1,0.0,-18.0,+0.8,-0.6,-1.4
177,Navy,-0.2,-6.7,-5.0,+1.7,-2.0,+2.1
178,Mercer,-0.2,+4.0,-7.0,+2.8,-2.5,+1.4
179,W Michigan,-0.2,+3.0,-3.0,+9.1,-7.9,-2.1
180,Temple,-0.2,+3.7,-11.0,+3.7,-4.2,+1.1
181,Mt St Marys,-0.3,+7.3,+10.0,+5.2,-4.6,-1.9
182,Montana St,-0.3,-0.7,-4.0,+3.1,-3.6,-1.6
183,TN Martin,-0.3,+0.7,-11.0,+5.3,-4.3,-0.8
184,E Illinois,-0.3,-2.3,-19.0,-0.2,-0.4,-4.8
185,St Fran (PA),-0.3,+4.3,-10.0,+3.6,-3.2,-3.5
186,E Michigan,-0.3,-6.0,-17.0,+3.7,-3.2,-1.4
187,Portland St,-0.4,-6.3,-23.0,+6.7,-4.4,-2.2
188,Hofstra,-0.5,+4.7,-5.0,+2.2,-2.3,+4.2
189,Ste F Austin,-0.5,+5.3,-8.0,+8.2,-5.8,+14.7
190,CS Fullerton,-0.6,+6.3,-2.0,+3.1,-3.6,-6.4
191,TX El Paso,-0.6,-3.0,-26.0,+0.9,-2.0,+1.1
192,Fairfield,-0.8,-1.7,-12.0,+1.5,-2.5,-0.7
193,Evansville,-1.0,+0.7,-11.0,+5.7,-7.2,+8.5
194,Penn State,-1.0,-9.7,-27.0,+4.2,-5.9,-3.8
195,GA Tech,-1.0,-7.3,-2.0,+6.7,-11.7,+2.6
196,La Salle,-1.0,-4.0,-9.0,+5.6,-7.7,-10.7
197,S Dakota St,-1.1,+5.0,+2.0,+6.2,-5.5,+6.7
198,Neb Omaha,-1.1,+10.0,-2.0,+2.2,-3.0,+1.8
199,Oklahoma,-1.2,-8.0,-19.0,+3.1,-5.2,+8.6
200,Sam Hous St,-1.2,0.0,-12.0,+6.5,-6.3,+0.4
201,N Illinois,-1.2,-7.3,-3.0,-0.9,-1.6,+0.7
202,Hawaii,-1.3,-9.7,-11.0,+0.8,-4.7,+10.1
203,Alcorn State,-1.4,+7.3,-3.0,+7.7,-6.2,-6.1
204,S Illinois,-1.6,-2.0,-13.0,+2.6,-5.8,+4.1
205,SE Missouri,-1.6,-9.7,-23.0,+7.6,-7.4,-12.6
206,SC Upstate,-1.7,-3.7,-2.0,-0.6,-2.4,-9.4
207,Army,-1.7,-4.7,-16.0,+2.1,-5.9,+0.8
208,Jacksonville,-1.8,-6.3,-3.0,-4.7,-0.4,-3.2
209,Morehead St,-1.8,-3.3,-6.0,+5.2,-6.9,+2.7
210,Holy Cross,-1.8,-3.0,-7.0,+3.9,-6.1,-5.1
211,Texas,-1.8,-4.0,-10.0,+4.4,-8.3,+3.1
212,Pittsburgh,-1.8,-11.7,-12.0,+0.1,-3.8,+6.7
213,E Carolina,-1.8,-5.0,-4.0,+5.0,-9.1,-3.6
214,St Johns,-1.9,-17.0,-41.0,+6.4,-8.1,-9.8
215,NC State,-2.0,-11.0,-14.0,+6.4,-12.8,+0.8
216,Loyola Mymt,-2.1,-1.7,-8.0,+1.8,-6.8,-4.5
217,Stanford,-2.2,-12.3,-10.0,+3.6,-7.3,-2.3
218,Houston Bap,-2.2,+6.3,-4.0,+8.0,-8.6,-5.1
219,AR Lit Rock,-2.3,-1.7,-7.0,+0.2,-4.2,+8.9
220,Kennesaw St,-2.5,-7.0,-12.0,+2.4,-5.3,-7.0
221,Rutgers,-2.5,-3.3,-22.0,+3.1,-7.5,-13.5
222,Columbia,-2.5,-7.0,-4.0,+0.1,-4.8,+6.0
223,IL-Chicago,-2.5,-11.7,-6.0,+0.2,-4.8,-13.7
224,IUPUI,-2.7,-5.3,-28.0,+3.5,-5.8,-6.0
225,High Point,-2.8,-9.3,-36.0,+0.5,-5.6,+3.7
226,Southern,-2.8,-9.7,-22.0,+3.3,-6.9,+1.7
227,Tulsa,-2.8,-8.3,-19.0,+2.7,-7.7,+4.0
228,Hampton,-2.9,+3.0,-2.0,+2.5,-6.3,-0.3
229,Coastal Car,-2.9,-4.7,-23.0,+3.5,-8.9,+2.4
230,W Kentucky,-2.9,+4.7,-4.0,+3.9,-8.2,-0.4
231,Campbell,-3.0,+0.3,-17.0,-3.8,-2.4,-4.4
232,Arizona St,-3.1,-8.7,-23.0,+3.1,-8.9,-0.7
233,Loyola-MD,-3.1,-1.0,-4.0,+2.2,-7.2,-5.7
234,Central Mich,-3.1,-15.3,-10.0,+0.6,-6.0,+0.6
235,Norfolk St,-3.3,+4.0,-8.0,+4.8,-7.2,-0.8
236,Fordham,-3.3,-8.0,-11.0,+0.8,-7.7,+2.0
237,Rob Morris,-3.4,-0.3,-9.0,-3.2,-3.5,-5.8
238,TN Tech,-3.4,-3.3,-1.0,-2.6,-4.1,+0.4
239,Sacred Hrt,-3.4,-6.3,-3.0,-1.5,-4.9,-4.0
240,St Josephs,-3.5,-7.7,-7.0,-0.6,-5.9,+7.2
241,S Alabama,-3.7,-5.0,-13.0,+1.0,-8.3,-6.2
242,Mass Lowell,-3.7,-12.7,-11.0,+1.6,-7.8,-7.4
243,Missouri,-3.8,-6.7,-12.0,+2.1,-10.4,-4.4
244,Duquesne,-3.8,-1.7,-1.0,-0.2,-8.3,+0.1
245,James Mad,-3.8,0.0,-5.0,-3.4,-4.1,+5.7
246,Morgan St,-3.8,+0.3,-3.0,+4.7,-10.8,-4.6
247,Jackson St,-3.9,+2.7,-6.0,+4.5,-9.0,+0.9
248,N Iowa,-3.9,-12.3,-6.0,+3.2,-8.9,+4.3
249,F Dickinson,-4.0,-3.0,-2.0,+3.5,-7.9,-2.6
250,Niagara,-4.0,-3.3,-25.0,-0.8,-6.0,-7.4
251,Bowling Grn,-4.0,-11.3,-15.0,-1.2,-7.0,-4.0
252,Air Force,-4.1,-13.0,-26.0,+2.1,-10.6,-6.2
253,UMKC,-4.1,-3.0,-18.0,+2.8,-9.5,-4.1
254,Indiana St,-4.2,-1.0,-11.0,-0.8,-6.8,-2.2
255,Cal St Nrdge,-4.2,-9.0,-13.0,+0.2,-7.5,-6.0
256,Bryant,-4.3,-3.7,-22.0,+2.3,-9.0,-11.9
257,Nebraska,-4.3,-20.0,-9.0,-1.6,-6.9,+3.3
258,Charlotte,-4.3,-2.3,-1.0,+4.3,-12.3,-1.4
259,TX-San Ant,-4.4,+2.0,-16.0,+6.0,-10.9,-13.0
260,Seattle,-4.4,-17.3,-12.0,+0.2,-8.7,-4.6
261,Brown,-4.5,-4.3,-14.0,-1.2,-7.7,-5.2
262,San Jose St,-4.6,-17.7,-26.0,-1.2,-7.9,-7.1
263,Washington,-4.7,-17.7,-5.0,-0.8,-8.9,+3.1
264,Abl Christian,-4.8,-6.7,-9.0,-1.4,-7.0,-6.4
265,Florida Intl,-4.8,-1.7,+12.0,-2.3,-6.9,-0.4
266,Colgate,-4.9,-9.0,-5.0,-3.7,-5.5,-2.6
267,Drexel,-4.9,-9.7,-10.0,-1.6,-6.9,-7.3
268,N Colorado,-5.1,+1.0,+3.0,-2.6,-6.5,-8.2
269,Sac State,-5.1,-2.3,-19.0,-0.6,-7.8,-3.3
270,Cleveland St,-5.2,-3.0,-15.0,+1.6,-8.6,-9.3
271,WI-Milwkee,-5.2,+0.7,-6.0,-5.4,-5.1,+4.9
272,LA Monroe,-5.3,-4.7,-12.0,+1.4,-9.6,+1.3
273,Lg Beach St,-5.4,+5.0,-5.0,+4.5,-9.9,-0.5
274,Grambling St,-5.4,+6.7,-5.0,+5.7,-10.9,-11.1
275,DePaul,-5.7,-11.3,-11.0,-0.1,-12.9,-7.5
276,Bradley,-5.8,-3.0,-26.0,-0.4,-10.0,-14.6
277,Boston Col,-5.9,-14.7,-14.0,-0.6,-12.6,-9.3
278,NJIT,-5.9,-8.7,-31.0,+1.9,-10.0,+0.4
279,NW State,-6.0,+6.7,+14.0,-4.7,-6.7,-10.1
280,Fla Atlantic,-6.0,-23.0,-15.0,-5.8,-6.1,-8.6
281,Prairie View,-6.1,+2.7,-4.0,+6.4,-12.9,-10.6
282,Miami (OH),-6.1,-4.7,-4.0,-3.1,-9.4,-5.7
283,Charl South,-6.1,-0.3,-14.0,-1.2,-9.8,-8.3
284,N Florida,-6.1,-2.3,-16.0,-2.0,-8.5,+2.5
285,Maryland ES,-6.2,-5.3,-28.0,+3.0,-9.7,-8.1
286,E Kentucky,-6.2,+1.7,+4.0,+0.4,-10.9,+0.3
287,Binghamton,-6.2,-6.0,-10.0,-1.1,-9.8,-7.7
288,UNLV,-6.3,-5.3,-10.0,-2.7,-11.7,+2.3
289,Cal Poly,-6.5,-6.0,-11.0,-5.2,-7.2,-4.4
290,Incar Word,-6.5,-4.0,-17.0,-1.4,-10.6,-3.0
291,Drake,-6.6,-10.7,-9.0,-0.5,-12.3,-6.1
292,Quinnipiac,-6.6,-16.3,-19.0,-4.7,-8.2,-5.4
293,Pacific,-6.7,-9.3,-32.0,-0.8,-11.8,-5.9
294,San Diego,-6.7,-20.0,-5.0,-9.1,-3.9,-9.2
295,Wash State,-6.7,-14.0,-10.0,-3.8,-10.1,-7.5
296,Oral Roberts,-6.8,-7.7,-2.0,+0.9,-11.7,-3.3
297,Radford,-6.8,-5.0,-16.0,-2.2,-9.8,-1.7
298,American,-6.8,+0.7,-16.0,-3.8,-9.8,-8.1
299,Cornell,-6.9,-9.3,+14.0,-3.6,-8.7,-8.5
300,Manhattan,-7.1,-11.0,-1.0,-0.2,-12.4,-4.4
301,App State,-7.1,-10.3,-20.0,-0.7,-11.9,-6.8
302,Youngs St,-7.2,+2.0,-10.0,-3.8,-9.2,-10.0
303,UC Riverside,-7.5,-9.3,-9.0,-1.9,-11.4,-2.6
304,Savannah St,-7.6,+9.0,+7.0,+2.8,-12.8,-6.8
305,Dartmouth,-7.7,-16.0,-37.0,-5.8,-9.2,-2.3
306,TX-Pan Am,-7.8,-16.7,-4.0,-3.9,-10.1,-13.6
307,North Texas,-7.8,-12.0,-2.0,-3.7,-13.3,-6.6
308,Saint Louis,-7.9,-5.3,-7.0,-4.1,-12.6,-6.2
309,N Arizona,-8.0,0.0,-13.0,-4.7,-10.1,-15.5
310,Portland,-8.1,-7.0,-23.0,-9.3,-7.3,-2.8
311,LSU,-8.2,-9.7,-27.0,-2.8,-13.9,+1.8
312,Tulane,-8.2,-5.3,-6.0,-5.4,-10.5,-4.6
313,Beth-Cook,-8.2,-6.0,-35.0,-1.3,-12.8,-5.2
314,Delaware,-8.5,-8.7,-9.0,-1.4,-13.1,-9.5
315,W Illinois,-8.6,-8.0,-9.0,-5.2,-11.1,-4.9
316,Austin Peay,-8.7,+4.3,+9.0,-3.9,-11.8,-3.1
317,Stetson,-8.8,-14.7,-30.0,-1.2,-13.4,-6.4
318,SIU Edward,-9.0,0.0,+19.0,-5.6,-11.1,-8.2
319,Howard,-9.0,-2.0,-15.0,+0.8,-13.5,-6.1
320,Alabama St,-9.0,-11.3,-15.0,-0.2,-13.4,-3.8
321,Florida A&M,-9.0,-8.3,-4.0,-4.4,-12.5,-11.1
322,Detroit,-9.1,-8.7,-25.0,-5.2,-12.1,-1.6
323,Central Ark,-9.3,-9.0,-8.0,+0.6,-14.5,-8.4
324,Nicholls St,-9.3,-5.3,-10.0,+1.2,-14.6,-11.5
325,Delaware St,-9.4,+0.7,-7.0,-3.6,-12.0,-14.0
326,Marist,-9.6,-2.3,-4.0,-4.8,-12.8,-7.2
327,S Florida,-9.7,-8.7,-11.0,-4.5,-16.4,-8.1
328,Central Conn,-9.8,-5.0,-14.0,-5.8,-12.7,-13.1
329,Citadel,-9.9,+2.0,-9.0,-4.5,-14.1,-11.2
330,McNeese St,-10.2,-7.7,-7.0,-4.5,-14.3,-8.5
331,S Utah,-10.2,-8.3,-20.0,-8.5,-11.2,-13.1
332,Hartford,-10.3,-13.3,-29.0,-5.3,-14.2,-8.6
333,Oregon St,-10.5,-18.7,-5.0,-4.6,-16.0,+1.1
334,S Mississippi,-10.6,-5.3,-11.0,-2.0,-16.7,-6.9
335,Lafayette,-11.2,-9.7,-3.0,-10.1,-12.1,-9.0
336,UCSB,-11.5,+3.0,+13.0,-7.2,-14.9,+2.3
337,Idaho State,-11.7,-15.0,-15.0,-4.2,-15.5,-3.1
338,S Car State,-11.8,-2.7,-5.0,-1.0,-15.9,-1.8
339,Pepperdine,-11.9,-15.0,-5.0,-5.2,-16.9,+0.6
340,VA Military,-12.1,-12.7,-18.0,-8.8,-14.6,-9.8
341,Maine,-12.3,-20.7,-45.0,-10.5,-13.5,-10.9
342,Ark Pine Bl,-12.5,-14.0,-11.0,-0.7,-18.4,-13.8
343,St Fran (NY),-12.7,-14.0,-15.0,-10.5,-14.2,-2.0
344,Miss Val St,-13.4,+4.0,-3.0,-0.3,-18.6,-11.7
345,NC A&T,-13.5,-2.7,-10.0,-8.5,-16.3,-8.3
346,Coppin State,-13.5,-6.0,-6.0,-1.1,-18.8,-9.7
347,W Carolina,-14.6,-3.0,-6.0,-6.2,-20.2,-3.5
348,Longwood,-15.1,-9.7,-5.0,-12.2,-17.2,-6.3
349,Alab A&M,-15.9,-13.0,-21.0,-4.8,-21.7,-2.7
350,Chicago St,-16.5,-13.0,-14.0,-17.4,-16.2,-16.1
351,Presbyterian,-17.7,-19.3,-19.0,-13.0,-20.7,-8.4